11734	90101
11734	90106
11734	90203
11734	90205
11734	90301
11734	90501
11734	90603
11746	90104
11746	90108
11746	90203
11746	90204
11746	90207
11746	90208
11746	90302
11746	90404
11746	90405
11746	90503
11746	90603
11781	90102
11781	90107
11781	90203
11781	90205
11781	90404
11781	90405
11781	90501
11781	90502
11781	90603
11781	90802
11795	90101
11795	90203
11795	90204
11795	90501
11795	90603
11795	90801
11795	90802
11822	90102
11822	90203
11822	90204
11822	90603
11822	90801
11829	90102
11829	90107
11829	90203
11829	90204
11829	90303
11829	90305
11829	90603
11875	90101
11875	90106
11875	90203
11875	90205
11875	90404
11875	90501
11875	90503
11875	90603
11875	90801
11892	90106
11892	90203
11892	90208
11892	90404
11892	90501
11892	90603
11892	90801
11892	90802
11911	90105
11911	90203
11911	90205
11911	90305
11911	90603
11911	90801
11914	90101
11914	90108
11914	90203
11914	90204
11914	90305
11914	90405
11914	90603
11914	90802
11930	90101
11930	90106
11930	90203
11930	90205
11930	90301
11930	90304
11930	90402
11930	90501
11930	90603
11932	90101
11932	90203
11932	90204
11932	90402
11932	90603
11932	90801
11932	90802
11949	90104
11949	90205
11949	90305
11949	90601
11949	90801
11949	90802
11953	90207
11953	90208
11953	90402
11953	90602
12167	90102
12167	90107
12167	90203
12167	90205
12167	90301
12167	90603
12167	90801
12167	90802
13527	90204
13527	90205
13527	90305
13527	90601
13527	90801
13527	90802
13952	90205
13952	90304
13952	90402
13952	90603
13952	90801
14033	90205
14033	90208
14033	90404
14033	90603
14033	90801
14197	90102
14197	90108
14197	90203
14197	90204
14197	90405
14197	90603
14197	90801
14197	90802
14222	90102
14222	90107
14222	90203
14222	90204
14222	90205
14222	90303
14222	90501
14222	90502
14222	90701
14222	90802
14268	90104
14268	90203
14268	90205
14268	90301
14268	90305
14268	90404
14268	90603
14268	90801
14268	90802
14305	90203
14305	90208
14305	90209
14305	90404
14305	90602
14336	90102
14336	90203
14336	90204
14336	90209
14336	90305
14336	90603
14336	90801
14336	90802
14339	90102
14339	90203
14339	90204
14339	90301
14339	90305
14339	90402
14339	90603
14339	90801
14340	90101
14340	90203
14340	90204
14340	90405
14340	90501
14340	90502
14340	90603
14340	90801
14341	90101
14341	90105
14341	90203
14341	90204
14341	90302
14341	90603
14341	90701
14341	90801
14343	90206
14343	90402
14343	90405
14343	90601
14343	90801
14343	90802
14364	90106
14364	90203
14364	90205
14364	90208
14364	90209
14364	90404
14364	90501
14364	90603
14364	90801
14364	90802
14407	90102
14407	90203
14407	90204
14407	90301
14407	90404
14407	90405
14407	90603
14407	90701
14407	90801
14407	90802
14533	90102
14533	90203
14533	90205
14533	90208
14533	90305
14533	90405
14533	90501
14533	90603
14533	90801
14533	90802
14545	90205
14545	90208
14545	90209
14545	90304
14545	90603
14635	90203
14635	90208
14635	90209
14635	90303
14635	90502
14635	90603
14635	90802
14654	90104
14654	90201
14654	90203
14654	90205
14654	90305
14654	90404
14654	90405
14654	90603
14654	90801
14654	90802
14705	90101
14705	90106
14705	90203
14705	90208
14705	90305
14705	90404
14705	90603
14705	90801
14705	90802
14726	90106
14726	90201
14726	90203
14726	90208
14726	90209
14726	90305
14726	90404
14726	90502
14726	90603
14726	90802
14752	90202
14752	90207
14752	90303
14752	90603
14788	90204
14788	90205
14788	90208
14788	90304
14788	90603
14811	90203
14811	90204
14811	90208
14811	90405
14811	90502
14811	90503
14811	90603
14811	90801
14811	90802
14829	90102
14829	90203
14829	90204
14829	90603
14830	90202
14830	90207
14830	90404
14830	90603
14830	90701
14830	90801
14830	90802
14909	90104
14909	90204
14909	90205
14909	90208
14909	90405
14909	90603
14910	90101
14910	90203
14910	90204
14910	90208
14910	90302
14910	90303
14910	90405
14910	90602
14910	90801
14910	90802
14983	90104
14983	90203
14983	90204
14983	90302
14983	90305
14983	90402
14983	90405
14983	90603
14983	90801
14993	90104
14993	90204
14993	90209
14993	90603
15014	90201
15014	90205
15014	90208
15014	90304
15014	90603
15014	90801
15014	90802
15019	90102
15019	90203
15019	90204
15019	90602
15019	90802
15020	90106
15020	90201
15020	90203
15020	90204
15020	90208
15020	90209
15020	90305
15020	90405
15020	90603
15020	90802
15103	90204
15103	90304
15103	90502
15103	90601
15103	90701
15103	90802
15117	90205
15117	90402
15117	90501
15117	90502
15117	90601
15117	90801
15117	90802
15127	90106
15127	90201
15127	90203
15127	90205
15127	90402
15127	90603
15127	90802
15128	90106
15128	90203
15128	90204
15128	90208
15128	90404
15128	90501
15128	90603
15128	90802
15139	90205
15139	90209
15139	90302
15139	90402
15139	90405
15139	90602
15139	90802
15149	90102
15149	90203
15149	90204
15149	90302
15149	90603
15149	90801
15149	90802
15152	90105
15152	90205
15152	90603
15176	90104
15176	90204
15176	90205
15176	90208
15176	90209
15176	90404
15176	90405
15176	90501
15176	90603
15176	90801
15176	90802
15180	90202
15180	90205
15180	90209
15180	90501
15180	90502
15180	90603
15180	90701
15195	90206
15195	90304
15195	90404
15195	90405
15195	90502
15195	90603
15195	90701
15195	90802
15209	90106
15209	90203
15209	90205
15209	90208
15209	90402
15209	90405
15209	90501
15209	90603
15209	90801
15209	90802
15210	90105
15210	90203
15210	90205
15210	90302
15210	90304
15210	90305
15210	90402
15210	90405
15210	90603
15224	90102
15224	90203
15224	90204
15224	90301
15224	90305
15224	90402
15224	90405
15224	90603
15224	90801
15236	90203
15236	90205
15236	90302
15236	90303
15236	90405
15236	90602
15236	90801
15236	90802
15249	90107
15249	90203
15249	90205
15249	90305
15249	90501
15249	90603
15249	90801
15251	90104
15251	90108
15251	90203
15251	90204
15251	90208
15251	90304
15251	90603
15251	90802
15273	90201
15273	90207
15273	90208
15273	90209
15273	90603
15273	90802
15286	90102
15286	90203
15286	90204
15286	90301
15286	90304
15286	90603
15286	90801
15317	90207
15317	90303
15317	90305
15317	90404
15317	90601
15318	90207
15318	90601
15318	90701
15318	90801
15318	90802
15322	90101
15322	90203
15322	90204
15322	90302
15322	90305
15322	90402
15322	90405
15322	90603
15322	90801
15322	90802
15335	92103
15335	92201
15335	92302
15335	92405
15335	92502
15335	92505
15335	92603
15335	92604
15342	90201
15342	90203
15342	90208
15342	90303
15342	90501
15342	90602
15342	90701
15342	90801
15342	90802
15377	92110
15377	92201
15377	92302
15377	92405
15377	92502
15377	92505
15377	92603
15377	92604
15378	90101
15378	90203
15378	90205
15378	90404
15378	90603
15378	90801
15398	90101
15398	90201
15398	90203
15398	90205
15398	90208
15398	90404
15398	90603
15398	90701
15398	90802
15408	90102
15408	90201
15408	90203
15408	90204
15408	90301
15408	90501
15408	90603
15408	90802
15414	92110
15414	92201
15414	92302
15414	92405
15414	92502
15414	92505
15414	92603
15414	92607
15429	90105
15429	90203
15429	90204
15429	90208
15429	90404
15429	90502
15429	90603
15452	90102
15452	90107
15452	90203
15452	90205
15452	90208
15452	90305
15452	90404
15452	90501
15452	90503
15452	90603
15452	90801
15452	90802
15462	92106
15462	92201
15462	92302
15462	92405
15462	92502
15462	92505
15462	92603
15462	92604
15463	90201
15463	90204
15463	90302
15463	90305
15463	90603
15463	90801
15463	90802
15464	90204
15464	90205
15464	90601
15464	90802
15465	90102
15465	90107
15465	90203
15465	90204
15465	90302
15465	90501
15465	90502
15465	90603
15465	90701
15465	90801
15465	90802
15469	90102
15469	90107
15469	90203
15469	90204
15469	90304
15469	90501
15469	90603
15491	92101
15491	92201
15491	92302
15491	92405
15491	92502
15491	92505
15491	92603
15491	92607
15495	90106
15495	90203
15495	90204
15495	90205
15495	90305
15495	90402
15495	90405
15495	90501
15495	90603
15495	90801
15495	90802
15496	90104
15496	90203
15496	90204
15496	90302
15496	90404
15496	90405
15496	90602
15496	90801
15496	90802
15499	92107
15499	92201
15499	92302
15499	92405
15499	92501
15499	92504
15499	92603
15499	92607
15507	90104
15507	90108
15507	90203
15507	90205
15507	90302
15507	90303
15507	90405
15507	90601
15507	90801
15507	90802
15512	90101
15512	90203
15512	90205
15512	90301
15512	90305
15512	90402
15512	90501
15512	90502
15512	90603
15526	90105
15526	90202
15526	90209
15526	90404
15526	90405
15526	90502
15526	90603
15526	90701
15526	90802
15527	90104
15527	90202
15527	90203
15527	90205
15527	90305
15527	90405
15527	90501
15527	90603
15527	90801
15527	90802
15528	90101
15528	90106
15528	90203
15528	90204
15528	90402
15528	90405
15528	90501
15528	90603
15528	90802
15529	90102
15529	90203
15529	90204
15529	90208
15529	90405
15529	90501
15529	90603
15534	90106
15534	90203
15534	90205
15534	90404
15534	90501
15534	90603
15534	90801
15534	90802
15546	90106
15546	90203
15546	90205
15546	90208
15546	90305
15546	90404
15546	90501
15546	90603
15546	90802
15547	92109
15547	92201
15547	92302
15547	92402
15547	92502
15547	92505
15547	92603
15547	92607
15548	90207
15548	90402
15548	90603
15550	90205
15550	90209
15550	90402
15550	90405
15550	90601
15550	90802
15553	90202
15553	90203
15553	90205
15553	90208
15553	90402
15553	90501
15553	90502
15553	90603
15553	90802
15554	92110
15554	92201
15554	92302
15554	92405
15554	92502
15554	92505
15554	92601
15554	92605
15555	90101
15555	90106
15555	90201
15555	90203
15555	90204
15555	90305
15555	90501
15555	90603
15555	90802
15557	90101
15557	90203
15557	90204
15557	90304
15557	90603
15557	90802
15562	90101
15562	90106
15562	90201
15562	90205
15562	90304
15562	90603
15562	90701
15562	90802
15563	90104
15563	90204
15563	90205
15563	90208
15563	90404
15563	90603
15563	90801
15563	90802
15565	92105
15565	92201
15565	92302
15565	92405
15565	92502
15565	92504
15565	92602
15565	92604
15566	92102
15566	92201
15566	92302
15566	92401
15566	92502
15566	92504
15566	92603
15566	92604
15572	92105
15572	92201
15572	92302
15572	92405
15572	92502
15572	92505
15572	92603
15572	92607
15592	90106
15592	90205
15592	90305
15592	90402
15592	90405
15592	90501
15592	90603
15592	90802
15635	90105
15635	90205
15635	90402
15635	90603
15635	90799
15636	90105
15636	90204
15636	90402
15636	90405
15636	90603
15636	90799
15637	90101
15637	90204
15637	90305
15637	90405
15637	90603
15637	90799
15640	90104
15640	90405
15640	90601
15640	90712
15689	90102
15689	90203
15689	90204
15689	90603
15689	90799
15696	90207
15696	90404
15696	90603
15701	90108
15701	90208
15701	90404
15701	90603
15701	90701
15713	90203
15713	90404
15713	90602
15713	90799
15716	90104
15716	90203
15716	90404
15716	90602
15716	90799
15719	90208
15719	90404
15719	90603
15719	90799
15731	90203
15731	90205
15731	90208
15731	90404
15731	90603
15731	90799
15735	90108
15735	90203
15735	90204
15735	90208
15735	90404
15735	90603
15735	90799
15738	92105
15738	92201
15738	92302
15738	92405
15738	92502
15738	92505
15738	92601
15738	92607
15740	90204
15740	90402
15740	90603
15740	90799
15747	90107
15747	90205
15747	90208
15747	90404
15747	90603
15747	90799
15748	90104
15748	90203
15748	90205
15748	90402
15748	90603
15748	90799
15749	90106
15749	90203
15749	90205
15749	90305
15749	90404
15749	90405
15749	90501
15749	90502
15749	90603
15749	90709
15757	90106
15757	90205
15757	90208
15757	90305
15757	90402
15757	90406
15757	90502
15757	90603
15757	90704
15767	90206
15767	90302
15767	90402
15767	90405
15767	90603
15767	90702
15767	90801
15767	90802
15777	90101
15777	90203
15777	90204
15777	90303
15777	90603
15777	90713
15789	92110
15789	92201
15789	92302
15789	92405
15789	92502
15789	92505
15789	92602
15789	92604
15792	90105
15792	90205
15792	90502
15792	90601
15792	90799
15802	92109
15802	92201
15802	92302
15802	92405
15802	92502
15802	92505
15802	92603
15802	92607
15811	90203
15811	90404
15811	90502
15821	90101
15821	90203
15821	90209
15821	90501
15829	92110
15829	92201
15829	92302
15829	92405
15829	92502
15829	92505
15829	92603
15829	92607
15836	90208
15836	90503
15837	90101
15837	90208
15837	90404
15845	92105
15845	92201
15845	92302
15845	92405
15845	92502
15845	92505
15845	92603
15845	92607
15851	92104
15851	92201
15851	92302
15851	92405
15851	92502
15851	92504
15851	92601
15851	92604
15855	90101
15855	90203
15855	90302
15855	90404
15866	90203
15866	90209
15866	90405
15874	90102
15874	90104
15874	90106
15874	90404
15874	90603
15874	90799
15875	90208
15875	90404
15876	90203
15876	90209
15877	90203
15877	90503
15878	90203
15878	90205
15878	90208
15878	90402
15878	90503
15878	90602
15878	90801
15879	90101
15879	90203
15879	90405
15879	90502
15886	90102
15886	90203
15886	90501
15886	90603
15889	92110
15889	92201
15889	92302
15889	92405
15889	92502
15889	92505
15889	92603
15889	92604
15894	90102
15894	90203
15894	90302
15894	90402
15894	90603
15894	90711
15895	92109
15895	92201
15895	92302
15895	92405
15895	92502
15895	92504
15895	92603
15895	92607
15897	90209
15898	90203
15898	90208
15898	90404
15900	90205
15900	90402
15900	90601
15902	90203
15902	90205
15902	90404
15902	90602
15902	90714
15903	90104
15903	90203
15903	90208
15903	90404
15903	90405
15903	90602
15903	90714
15903	90801
15903	90802
15911	90203
15911	90208
15911	90404
15911	90602
15911	90715
15911	90801
15915	92104
15915	92201
15915	92302
15915	92405
15915	92502
15915	92504
15915	92601
15915	92604
15919	90203
15919	90204
15919	90404
15919	90405
15919	90603
15926	92107
15926	92201
15926	92302
15926	92405
15926	92502
15926	92505
15926	92603
15926	92604
15931	90104
15931	90108
15931	90203
15931	90204
15931	90205
15931	90602
15931	90801
15938	92103
15938	92201
15938	92302
15938	92405
15938	92502
15938	92505
15938	92603
15938	92604
15940	90202
15940	90207
15940	90208
15940	90603
15942	90208
15942	90209
15942	90501
15949	90205
15949	90208
15949	90404
15949	90601
15949	90801
15950	92110
15950	92201
15950	92302
15950	92405
15950	92502
15950	92504
15950	92603
15950	92604
15955	92109
15955	92201
15955	92302
15955	92405
15955	92502
15955	92505
15955	92603
15955	92607
15956	92109
15956	92201
15956	92302
15956	92405
15956	92502
15956	92504
15956	92603
15956	92607
15959	92104
15959	92201
15959	92302
15959	92405
15959	92502
15959	92505
15959	92601
15959	92604
15960	90203
15966	90101
15966	90203
15966	90502
15977	90205
15977	90305
15977	90405
15977	90603
15977	90799
15982	90208
15982	90503
15983	92110
15983	92201
15983	92302
15983	92405
15983	92502
15983	92505
15983	92603
15983	92604
15984	90101
15984	90203
15984	90404
15984	90405
15984	90501
15986	90203
15986	90405
15997	90102
15997	90107
15997	90203
15997	90204
15997	90302
15997	90405
15997	90501
15997	90603
15997	90701
15997	90801
16000	90203
16000	90404
16000	90405
16000	90503
16003	90101
16003	90203
16003	90404
16003	90405
16003	90503
16012	90203
16019	90101
16019	90203
16019	90405
16023	90203
16023	90204
16023	90404
16023	90603
16023	90799
16026	90101
16026	90203
16026	90301
16026	90404
16026	90405
16049	90209
16049	90502
16054	92105
16054	92201
16054	92302
16054	92405
16054	92501
16054	92504
16054	92602
16054	92604
16057	90208
16058	90208
16058	90503
16059	90108
16059	90209
16059	90404
16062	90108
16062	90205
16062	90208
16062	90799
16072	90102
16072	90203
16072	90305
16072	90404
16072	90405
16072	90501
16072	90603
16072	90701
16076	90106
16076	90107
16076	90203
16076	90208
16076	90305
16076	90404
16076	90501
16076	90502
16076	90603
16076	90799
16078	90104
16078	90203
16078	90204
16078	90405
16078	90602
16078	90701
16101	90101
16101	90203
16101	90404
16101	90405
16101	90501
16101	90603
16101	90705
16101	90801
16126	90106
16126	90203
16126	90208
16126	90404
16126	90405
16126	90501
16126	90502
16126	90603
16126	90799
16133	90101
16133	90102
16133	90203
16133	90302
16133	90603
16133	90799
16159	90105
16159	90204
16159	90402
16159	90405
16159	90502
16159	90503
16159	90601
16159	90799
16163	90207
16163	90404
16163	90603
16163	90703
16164	90104
16164	90203
16164	90404
16164	90405
16164	90603
16164	90704
16170	90101
16170	90102
16170	90203
16170	90302
16170	90603
16170	90702
16170	90801
16171	90203
16171	90302
16171	90405
16177	90102
16177	90107
16177	90205
16177	90208
16177	90404
16177	90501
16177	90502
16177	90603
16178	90104
16178	90203
16178	90204
16178	90502
16178	90503
16178	90602
16178	90799
16179	90208
16179	90209
16179	90404
16179	90405
16179	90503
16186	92104
16186	92201
16186	92302
16186	92405
16186	92502
16186	92505
16186	92601
16186	92604
16188	90101
16188	90102
16188	90203
16188	90305
16188	90405
16188	90501
16188	90502
16188	90603
16188	90701
16188	90801
16188	90802
16201	90208
16201	90503
16201	90602
16201	90799
16202	90101
16202	90203
16202	90204
16202	90405
16202	90406
16202	90501
16202	90603
16202	90799
16213	90101
16213	90203
16213	90305
16213	90405
16213	90501
16213	90502
16213	90603
16213	90705
16230	90207
16230	90208
16230	90302
16230	90404
16230	90603
16230	90701
16231	92105
16231	92201
16231	92302
16231	92402
16231	92502
16231	92603
16231	92604
16238	90102
16238	90203
16238	90302
16238	90603
16238	90711
16244	92102
16244	92201
16244	92302
16244	92405
16244	92502
16244	92505
16244	92603
16244	92607
16256	90102
16256	90107
16256	90203
16256	90204
16256	90303
16256	90405
16256	90502
16256	90603
16256	90701
16275	92110
16275	92201
16275	92302
16275	92405
16275	92502
16275	92505
16275	92602
16275	92604
16286	92110
16286	92201
16286	92302
16286	92405
16286	92502
16286	92505
16286	92601
16286	92605
16307	92103
16307	92201
16307	92302
16307	92405
16307	92502
16307	92505
16307	92602
16307	92604
16310	90202
16310	90207
16310	90404
16310	90405
16310	90603
16310	90703
16315	90203
16315	90305
16315	90405
16315	90603
16315	90703
16315	90801
16318	90203
16318	90205
16318	90405
16318	90601
16318	90799
16322	90104
16322	90108
16322	90203
16322	90204
16322	90404
16322	90405
16322	90503
16322	90603
16322	90799
16323	90101
16323	90203
16323	90204
16323	90405
16323	90501
16323	90502
16323	90603
16323	90701
16324	92105
16324	92201
16324	92302
16324	92405
16324	92502
16324	92504
16324	92602
16324	92604
16326	92109
16326	92201
16326	92302
16326	92401
16326	92501
16326	92504
16326	92603
16326	92607
16328	90203
16328	90503
16328	90602
16328	90799
16346	90107
16346	90203
16346	90204
16346	90405
16346	90501
16346	90502
16346	90603
16346	90701
16349	90104
16349	90204
16349	90302
16349	90402
16349	90405
16349	90602
16349	90702
16350	90208
16350	90503
16350	90602
16350	90799
16363	90104
16363	90205
16363	90601
16370	90101
16370	90203
16370	90205
16370	90208
16370	90404
16370	90501
16370	90603
16371	90108
16371	90203
16371	90204
16371	90303
16371	90305
16371	90405
16371	90603
16371	90799
16372	92104
16372	92201
16372	92302
16372	92405
16372	92502
16372	92505
16372	92601
16372	92604
16373	90203
16373	90204
16373	90405
16373	90603
16389	92104
16389	92201
16389	92302
16389	92405
16389	92502
16389	92505
16389	92601
16389	92604
16411	92105
16411	92201
16411	92302
16411	92405
16411	92502
16411	92505
16411	92603
16411	92604
16414	92109
16414	92201
16414	92302
16414	92405
16414	92502
16414	92504
16414	92603
16414	92607
16417	90204
16417	90208
16417	90404
16417	90501
16417	90502
16417	90603
16417	90704
16420	90104
16420	90202
16420	90205
16420	90303
16420	90402
16420	90603
16420	90799
16435	92105
16435	92201
16435	92302
16435	92405
16435	92502
16435	92505
16435	92603
16435	92604
16443	92104
16443	92201
16443	92302
16443	92405
16443	92502
16443	92505
16443	92601
16443	92604
16469	92101
16469	92201
16469	92302
16469	92405
16469	92502
16469	92504
16469	92603
16469	92607
16471	92106
16471	92202
16471	92302
16471	92405
16471	92502
16471	92505
16471	92603
16471	92607
16485	92105
16485	92201
16485	92302
16485	92405
16485	92502
16485	92505
16485	92603
16485	92607
16486	90102
16486	90406
16486	90707
16486	90801
16494	92104
16494	92201
16494	92302
16494	92405
16494	92502
16494	92505
16494	92601
16494	92604
16505	92110
16505	92201
16505	92302
16505	92405
16505	92502
16505	92503
16505	92602
16505	92607
